  0.04856
  0.142
 -0.10089
 -0.50346
 -0.50044
  0.15233
  0.10388
  0.4316
  0.49827
  0.39936
  0.30132
  0.32366
 -0.22673
 -0.29465
 -0.38358
  0.34143
  0.15587
 -0.24889
 -0.26406
 -0.26721
 -0.1627
 -0.35813
 -0.6552
  0.13199
  0.81811
  0.82804
  0.00944
 -0.10714
 -0.57156
 -0.37521
 -0.0958
  0.26418
  0.43183
 -0.09812
 -0.07016
  0.38586
 -0.16682
 -0.35506
 -0.39699
  0.11289
  0.04812
  0.24472
 -0.24608
 -0.00342
  0.12396
  0.24339
  0.18062
  0.20001
  0.0366
 -0.57082
 -0.57454
 -0.42446
 -0.42709
 -0.10433
 -0.33294
  0.29835
  0.47477
 -0.27059
 -0.84653
 -0.70891
  0.26524
  0.06577
 -0.38228
 -0.70327
 -0.00449
  0.43501
  0.62616
  0.23488
  0.29845
  0.4853
 -0.24544
 -0.15453
  0.12973
  0.19461
  0.01743
 -0.36439
  0.06935
  0.25635
 -0.13532
 -0.46992
 -0.03159
  0.38268
  0.6136
  0.68785
  0.36212
 -0.12421
 -0.42541
 -0.52841
 -0.14057
 -0.13956
 -0.41483
 -0.13243
  0.59739
  0.46857
 -0.45751
 -0.89198
 -0.44332
  0.58379
  0.14805
 -0.05827
