465.29
463.22
463.92
465.09
468.23
461.89
458.13
457.33
438.39
430.83
419.68
423.4
424.95
421.12
418.83
417.21
415.61
419.67
417.66
420.81
419.58
411.41
413.42
417.71
422.37
420.17
419.52
416.68
418.03
417.83
416.41
421.8
422.27
422.59
420.8
419
422.6
421.61
417.78
419.3
420.07
414.44
413.74
409.23
404.94
400.82
390.56
391.72
390.43
382.67
380.65
380.76
378.45
377.5
373.34
370.15
373.79
371.39
369.22
366.93
366.1
363.66
365.16
368.7
369.57
374.09
372.18
369.97
368.75
369.49
373.77
371.61
361.53
344.3
334.61
338.21
341.32
339.82
341.74
339.8
342.71
342.5
342.48
342.86
342.51
346.95
350.75
360.3
362.01
364.41
362.6
364.68
367.05
371.21
370.98
368.58
366.67
365.49
365.98
366.34
368.11
363.03
360.48
358.72
354.34
358.24
356.2
357.07
354.4
354.4
357.91
364.4
370.14
368.11
364.71
363.47
361.25
357.49
351.38
349.79
349.65
345.81
333.15
332.68
321.17
320.38
323.24
324.12
325.85
325
320.69
316.32
316.11
311.93
311.87
309.57
309.91
305.61
305.07
292.68
296.67
307.77
306.59
298.1
292.74
289.21
291.59
282.13
274.16
281.7
282.38
285.32
285.98
287.71
279.17
280.4
279.12
276.81
269.38
255.2
255.3
264.48
271.8
270.19
270.04
269.74
265.49
254.31
255.5
245.43
223.16
209.46
208.56
194.68
173.7
169.92
169.92
170.29
