408.62
409.33
413.3
414.34
417.96
414.68
414.08
428.65
417.24
400.52
397.36
396.72
399.51
397.11
398.89
396.39
395.72
395.94
397.66
399.7
397.11
394.93
397.16
396.29
401.09
402.88
411.11
410.63
414.19
411.42
412.45
414.08
417.52
417.55
419.77
418.89
419.12
422.44
428.72
433.6
434.88
434.08
436.83
440.55
440.18
439.01
430.52
431.91
431.56
425.42
425.11
425.11
426.46
425.67
426.69
425.95
421.92
421.71
421.71
424.75
423.69
426.31
433.79
437.23
443.1
443.17
443.86
447.3
450.6
449.66
447.1
448.32
448.15
447.11
441.05
441.05
440.25
439.14
438.07
437.21
434.56
434.56
434.8
434.8
434.8
434.64
432.97
431.57
431.57
429.52
427.83
425.24
420.11
420.11
422.58
420.89
418.8
420.38
423.78
424.05
424.4
423.6
424.4
430.87
428.58
429.12
429.47
432.32
433.36
432.74
434
433.9
430.65
429.86
430.05
423.32
419.27
412.41
414.99
409.26
407.11
398.78
398.98
399.02
397.35
399.32
397.35
395.63
395.95
389.59
383.51
382.77
382.08
377.56
374.95
372.63
372.89
365.85
364.33
356.02
350.8
348.54
348.54
345.73
341.33
339.36
339.55
334.23
319.61
321.01
319.51
321
320.42
322.01
319.33
316.26
314.93
312.27
311.59
287.94
282.06
285.23
293.09
292.36
284.93
280.88
279.88
273.54
272.5
266.5
256.94
254.56
257.63
255.58
246.14
246.14
246.14
248.91
