363.97
368.81
369.5
376.52
376.05
361.46
353.22
355.5
332.66
329.21
316.4
326
339.51
329.99
334.85
334.38
328.94
339.62
354.84
350.87
349.76
342.49
345.55
355.76
367.53
371.45
373.86
369.3
381.67
385.83
388.25
401.23
401.36
404.11
405.01
404.36
404.53
401.73
401.66
404.27
406.6
398.34
397.35
398.43
399.02
402.44
386.98
388.19
383.45
367.87
369.79
372.97
370.6
368.74
370.95
370.13
372.09
370.36
368.54
365.43
365.08
379.16
380.61
388.08
390.48
388.96
386.22
389.82
400.84
401.48
405.94
406.61
406.71
407.16
398.28
399.42
403.15
399.96
389.2
393.04
392.1
393.62
405.26
411.77
412.26
414.02
418.17
427.39
435.02
442.99
440.1
440.5
430.07
419.72
418
407.87
408.94
416.32
417.54
424.18
417.55
406.94
405.78
408.46
405.35
404.1
401.06
400.79
400.41
403.87
407.93
410.28
410.34
406.48
402.87
404.47
406.1
408
402.91
394.23
395.8
385.03
379.98
380.63
377.46
374.19
374.22
368.41
368.89
361.86
365.14
368.25
358.56
357.92
351.85
352.25
346.37
311.98
301.68
297.57
310.45
317.69
317.21
311.94
300.65
295.2
300.33
288.27
281.32
288.36
290.29
301.54
300.74
296.83
286
290.68
292.5
291.14
286.04
268.72
269.91
274.84
277.07
278.96
276.08
263.45
253.55
236.69
237.08
223.99
213.65
212.21
220.87
212.23
198.62
198.7
198.7
194.27
