288.9
289.56
289.2
293.3
291.39
275.9
268.47
266.81
246.2
239.91
228.85
240.99
248.89
242.31
245.72
242.02
230.48
238.82
244.25
237.23
233.38
225.21
221.76
228.17
236.55
241.21
244.44
240.61
245.07
248.51
243.74
249.2
253.26
255.03
255.06
253.94
251.96
246.62
246.4
249.58
251.91
247.89
255.99
260.61
257.5
256.56
248.32
252.13
252.4
242.59
245.79
250.4
251.3
253.08
260.59
264.78
265.19
266.29
265.05
263.74
264.46
269.86
267.33
269.76
274.19
271.97
268.25
272.7
278.11
277.45
279.85
280.51
280.52
280.55
271.89
275.95
278.6
273.97
274.82
275.9
274.72
277.2
283
300.23
306.83
311.1
325.19
323.23
334.23
331.09
325.87
328.11
323.52
325.75
327.92
321.42
322.23
329.32
334.06
331.05
328.66
314.77
315.29
322.18
317.31
318.85
316.17
319.36
320.2
324.62
323.63
322.88
320.93
312.67
307.43
307.13
306.66
311.48
310.81
300.82
301.82
297.8
293.34
292.61
289.76
289.33
290.53
289.86
297.87
294.29
293.23
299.03
282.21
285.4
284.89
280.98
272.43
258.61
256.4
254.34
259.47
263.7
258.79
254.78
241.53
243.25
247.96
230.31
233.34
240.68
237.22
239.04
238.04
236.11
221.56
225.59
227.46
223.04
215.88
210.54
213.21
222.92
221.9
225.92
223.08
212.79
205.22
200.95
206.25
190.08
184.85
180.99
186.41
176.69
153.45
147.4
147.4
188.16
