   1.273
  0.2211
  0.5709
  0.2239
    1.56
    1.58
  -1.627
 0.006158
   1.958
  0.3669
   1.122
 -0.3134
 -0.1258
  -0.175
  0.7166
 -0.1395
  -0.734
-0.04679
-0.09618
 -0.1304
 -0.2127
  0.4233
  -1.103
 -0.3806
 -0.7642
  0.6288
  -0.619
 -0.3402
-0.07623
  0.2941
  0.1112
-0.05489
  0.9988
 -0.5094
 -0.9521
-0.09007
    1.43
   1.722
  0.9146
  -1.945
-0.09325
  0.8117
 -0.3245
   1.092
  0.2093
   2.205
   2.316
   2.942
   1.732
   1.007
 -0.3609
  -1.781
  -1.087
   -2.95
  0.9718
   1.883
 -0.2679
    -2.1
  -0.686
  -1.923
   -4.39
  -7.386
  -9.994
  -10.77
   -10.8
    -9.8
  -9.178
  -7.006
  -5.825
  -6.793
  -7.697
  -5.696
  -4.589
  -4.309
   -3.43
  -2.124
 -0.9493
   1.136
 -0.8274
  -3.028
  -4.268
  0.5635
  0.4701
 -0.8926
 -0.5965
   1.418
   6.336
   11.84
   15.15
   14.33
    11.7
    11.2
   10.47
   7.722
   10.28
   6.087
   7.113
   8.623
    6.66
   6.305
