87.35
90.78
91.19
89.99
90.73
87.57
81.65
83.59
85.04
85.27
82.83
81.74
77.97
80.2
80.36
80.95
80.71
81.19
83.56
83.56
83.56
80.81
80.88
80.42
78.79
77.69
77.84
77.86
77.34
76.15
74.53
72.23
70.84
74.4
73.7
72.79
72.47
71.31
70.23
69.22
70.15
70.1
69.94
69.93
69.57
67.7
68.46
67.92
66.69
67.28
68.91
71.95
74.73
76.23
77.93
75.91
75.16
75.63
77.56
80.58
84.67
83.95
81.5
83.02
84.25
83.9
85.73
86.57
87.43
93.19
95.08
92.3
89.65
91.41
94.08
98.7
108.63
105.15
104.28
103.98
103.52
105.81
109.42
111.03
110.66
116.84
112.82
109.23
109.97
109.34
110.88
113.67
116.18
121.18
131.67
144.76
164.49
149.55
141.04
146.91
149.15
144.69
136.86
138.12
140.73
150.4
151.63
148.56
146.86
170.13
179
171.28
171.7
180.66
195.64
205.03
213.82
227.7
204.13
198.63
209.36
227.79
216.39
190.15
181.57
168.79
156.08
159.9
174.59
173.92
164.04
161.38
163.15
159.51
155.57
146.42
147.94
147.82
153.89
152.24
152.15
158.05
164.57
172.02
166.11
166.11
168.51
170.68
172.59
177.11
182.77
189.39
187.67
183.34
182.02
175.88
180.87
182.07
181.95
183.39
180.38
180.96
182.64
185.52
183.9
185
182.83
175.23
175.97
171.58
166.73
166.06
171.72
173.53
174.28
174.32
174.26
173.08
167.48
157.16
159.7
164.24
162.52
165.93
165.57
163.9
163.45
161.38
163.51
169.9
181.64
184.67
181.75
186.37
186.14
182.36
177.81
180.41
184.02
183.72
187.56
185.28
179.49
176.52
175.7
178.78
177.99
178.64
180.54
183.95
184.35
186.07
188.74
190.2
190.74
187.75
188.28
190.65
190.88
192.03
192.82
191.23
191.94
190.49
187.14
188.42
187.9
189.73
190.51
190.79
190.16
185.25
185.14
184.92
186.02
186.56
186.03
186.24
184.99
184.35
185.27
185.14
186.95
189.08
189.85
189.41
193.64
197.94
200.5
