213.38
219.86
227.73
231.48
247.69
250.55
243.03
243.46
243.31
251.07
262.34
279.11
278.62
288.49
291.98
277.4
268.37
276.7
275.49
274.68
276.79
279.55
280.33
286.47
292.67
304.9
312.6
306.79
310.63
313.5
320.34
329.83
347.11
347.2
331.82
329.48
327.35
326.29
337.38
329.97
322.31
320.33
311.1
314.07
316.89
327.37
331.64
334.48
329.37
330.38
330.01
320.23
313.35
309.41
310.44
303.33
303.71
298.68
297.46
301.3
298.52
297.83
295.24
286.03
282.23
288.63
303.34
298.24
294.94
286.07
291.41
298.81
295.08
299.06
295.61
291.32
290.22
290.66
297.6
301.53
305.53
321.19
334.59
339.04
338.7
337.53
360.72
353.99
349.75
357
362.52
366.22
359.37
365.96
359.04
356.27
356.52
355.3
351.4
353.41
355.64
355.46
355.35
359.76
360.54
360.94
365.64
365.26
363.96
364.78
369
369.17
377.69
388.99
390.82
400.59
412.32
433.12
421.68
421.46
418.63
423.87
447.94
481.13
495.57
504.55
489.92
503.97
502.48
493.34
475.54
469.7
452.85
462.37
473.12
468.66
472.19
492.6
497.82
509.47
516.63
517.54
508.12
506.45
510.2
518.31
526.2
533.86
559.86
569.23
554.2
557.99
552.62
555.23
563.14
544.69
536.31
527.72
538.46
525.25
521.04
516.23
500
495.73
474.8
453.22
471.78
501.79
487.78
488.46
497.53
505.84
504.77
489.44
483.75
486.9
490.47
494.48
489.69
492.89
496.4
501.26
496.92
495.15
491.42
492.86
498.42
503.96
525.73
552.14
571.66
559.51
552.88
533.62
527.78
535.65
544.89
539.56
537.07
532.9
526.61
538.01
550.44
528.5
518.29
485.16
392.86
454.34
427.2
422.26
440.82
441.61
440.97
438.34
402.1
385.69
350.01
344.8
342.07
339.39
360.31
352.1
360.73
382.59
368.47
347.04
356.81
340.03
328.49
322.91
320.38
340.22
361.79
382.42
388.13
387.34
369.16
339.25
361.24
373.91
383.6
379.86
354.41
355.91
371.85
370.41
378.92
380.11
389.02
396.41
396.86
