411.61
410.04
382.06
372.46
319.02
341.76
338.42
329.89
334.54
339.47
338.32
325.34
308.8
294.71
280.59
284.39
276.88
265.93
284.35
300.61
291.31
284.8
299.58
304.04
307.71
302.68
311.6
302.53
302.24
303.5
309.65
303.02
305.24
305.81
311.93
307.13
306.74
309.21
309.56
323.91
321.44
334.18
328.12
339.66
354.56
357.09
350.31
350.2
349.35
332.15
325.06
331.61
335.78
342.85
344.75
341.89
335.03
341.48
331.28
325.5
321.91
323.13
313.48
316.42
316.33
312.52
306.39
308.96
310.07
308.85
313.12
319.83
312.69
312.84
314.26
317.48
322.1
326.16
309.63
304.13
306.21
312.37
315.21
310.61
304.74
302.82
290.72
279.19
263.66
258.1
227.61
236.58
233.15
230.23
225.41
213.44
209.33
187.23
198.74
191.29
171.71
192.75
209.07
208.61
207.65
205.31
196.45
184.26
178.13
165.11
169.02
181.99
177.24
174.65
172.37
172.61
178.21
172.57
163.99
153.97
151.35
145.72
144.21
151.33
145.01
138.47
134.81
136.19
144.02
157.2
183.65
190.56
181.32
193.35
193.02
183.95
171.73
159.86
157.74
143.46
147.28
147.96
150.17
149.65
145.64
147.21
141.68
135.88
132.86
120.91
109.9
108.19
101.17
115
109.43
99.58
90.19
86.57
81.76
86.4
88.5
76.26
63.2
66.77
65.61
65.66
65.63
61.43
63.13
63.28
62.61
61.63
64.6
62.31
63.88
62.03
58.86
52.31
50.12
47.81
49.65
47.65
48.31
47.08
46.24
45.86
43.81
41.18
38.81
38.53
41.05
42.94
41.35
42.55
44.75
47.67
51.89
58.73
55.32
55.91
56.68
61.94
60.96
60.42
59.54
56.89
53.54
55.39
57.54
58.38
59.36
61.07
60.38
61.13
60.67
60.76
60.53
59.32
59.55
60.02
59.76
60.04
63.36
70.13
70.85
69.15
72
71.57
71.46
67.74
68.07
65.38
64
63.32
60.44
58.71
60.95
58.67
58.79
60.95
60.42
59.24
60.25
60.16
60.44
60.11
59.94
59.95
59.68
59.39
58.93
