59.7
61.27
62.93
61.35
60.17
55.64
56.94
55.4
55.71
56.1
56.99
57.59
55.68
55.6
55.55
55.03
54.49
55.12
55.09
55.14
55.3
55.96
55.69
56.6
58.94
62.98
67.53
65.16
64.01
65.6
65.79
66.52
70.22
75.4
73.93
75.5
71.36
70.03
73.5
76.07
73.33
70.93
72.61
73.71
76.52
82.24
82.98
83.84
86.63
90.02
84.53
85.7
81.98
80.96
76.82
80.65
79.94
79.85
81.18
80.36
78.7
79.31
79.24
75.51
72.98
70.9
66.88
68.59
69.15
73.57
75.68
79.59
81.1
76.58
76.91
80.33
82.83
83.92
83.72
81.47
87.16
91.83
102.69
104.67
100.97
97.11
81.39
83.58
82.58
92.13
99.15
98.23
98.49
98.16
101.6
98.62
99.9
100.32
99.1
97.64
96.76
94.18
99.7
100.27
102.72
106.4
107.47
110.66
113.86
112.77
117.72
117.57
121.13
129.28
129.83
125.5
126.12
123.06
122.8
123.9
125.65
131.48
133.67
139.03
146.61
144.27
147.37
144
141.92
137.26
141.31
139.13
137.83
133.65
130.67
127.13
128.85
127.34
126.64
125.18
123.66
114.54
116.49
115.77
114.47
105.46
101.34
103.15
101.72
102.42
102.78
104.87
103.11
103.96
104.59
104.87
105.83
109.09
116.85
115.75
115.44
111.12
107.73
103.8
102.5
102.95
101.6
104.13
104.91
104.69
101.65
101.17
103.84
97.13
95.41
92.77
87.53
84.58
80.54
76.15
80.14
84.94
84.2
87.67
86.51
85.15
83.12
84.5
86.65
88.42
88.16
89.34
93.31
97.19
96.25
96.03
100.31
95.1
94.19
96.46
98.39
95.85
98.2
97.11
97.93
97.02
97.63
97.8
97.25
97.82
95.5
96.48
99.83
106.01
110.98
113.03
111.56
112.87
115.32
116.08
113.9
118.26
120.92
124.91
119.5
120.06
119.75
116.64
112.36
113.41
114.75
118.17
118.15
113.14
110.45
110.36
107.57
109.03
118.03
118.46
120.21
132.17
142.67
146.06
147.29
150.71
156.61
151.73
147.28
150.01
175.26
