179.01
185.52
192.25
182.33
189.2
195.86
202.71
197.91
194.58
183.63
192.16
202.14
194.51
183.76
182.3
188.47
181.84
172.31
171.29
168.92
173.23
178.39
178.13
186.25
193.24
189.33
187.61
187.29
179.18
180.26
182.26
179.82
176.63
178.37
181.13
182.88
174.21
164.32
170.93
180.47
184.8
189.93
190.87
197.33
211.25
224.82
209.67
223.07
222.4
222.48
218.88
215.85
212.57
222.4
231.65
243.92
239.86
229.88
232.45
223.92
231.88
226.22
228.17
214.59
222.43
221.27
229.14
222.32
224.92
222.04
220.67
203.38
202.95
204.63
208.73
213.29
206.19
213.05
221.17
218
226.87
227.46
225.38
225.38
228.97
227.15
222.93
219.52
215.27
220.01
209.8
204.62
190.5
184.78
171.82
167.05
177.59
185.53
184.11
188.58
190.21
194.75
202.25
200.95
194.8
193.92
199.64
200.21
195.31
191.25
193.17
194.63
190.58
184.13
179.3
180.9
182.86
180.08
172.68
170.17
163.02
171.4
176.38
178.66
175.98
182.66
184.96
185.06
180.48
185.52
187.7
188.32
189.28
187.67
187.63
189.34
189.52
189.63
188.26
187.47
187.63
191.3
194.09
200.3
202.69
202.99
210.64
211.89
212.99
217.38
216.26
222.89
228.89
232.05
228.47
224.57
223.81
222.59
227.69
227.97
238.06
240.66
239.33
245.49
240.01
239.99
237.15
236.74
237.77
237.85
232.97
227.62
220.44
220.71
213.07
215.59
210.54
198.61
200.19
193.19
194.37
179.98
194.18
192.99
199.88
197.4
199.08
203.83
212.91
204.5
197.97
197.2
193.61
192.99
187.22
187.33
184.24
194.88
196.1
183.98
193.33
198.88
196.85
196.52
191.11
188.86
190.75
187.98
189
194.09
192.75
189.54
189.04
184.54
178.33
178.4
174.74
179.35
177.72
178.16
178.73
173.31
172.16
166.24
165.92
167.36
171.8
165.16
160.95
143.42
141.71
141.58
155.1
161.16
151.34
163.03
159.69
160.5
149.89
136.71
142.8
141.25
135.31
132.07
138.17
140.71
141.17
139.82
140.82
143.29
