267.7
276.85
288.72
290.67
286.59
290.86
281.99
283.8
282.98
289.53
289.75
293.13
301.45
295.96
282.79
278.34
283.39
294.22
283.68
287.53
288.01
288.65
285.82
292.76
294.41
293.82
294.35
298.32
295.86
294.83
293.55
290.98
288.86
282.56
288.97
295.35
294.33
291.64
290.75
305.47
319.05
319.86
319.3
331.41
319.49
316.84
322.79
332.24
340.26
348.44
349.73
340.79
345.58
347.55
338.74
334.24
339.37
349.16
350.75
349.77
346.36
339.79
340.03
343.16
346.44
357.79
367.6
366.38
358.91
372.27
371.25
376.11
386.85
386.71
379.77
381.11
385.02
382.81
393.94
391.51
391.85
386.1
386.25
372.96
381.39
383.28
402.91
402.36
406
417.05
419.71
425.43
421.02
414.07
415.5
402.89
405.79
389.5
381.26
379
391.26
391.37
384.19
387.2
395.22
389.74
396.7
396.15
391.06
378.65
376.09
367.51
358.22
350.15
349.22
343.97
345.44
335.89
352.94
353.79
361.78
356.29
359.25
364.37
377.22
380.03
383.88
391.17
379.33
379.01
373.97
369.34
376.56
377.29
368.7
356.59
350.89
324.96
320.67
322.8
335.66
332.48
326.23
332.3
327.96
316.4
313.99
325.81
329.91
324.78
324.97
329.96
335.09
339.89
340.18
347.94
347.76
350.43
354.19
347.39
344.46
353.09
347.54
334.44
332.9
329.44
328.93
334.3
331.77
335.47
334.7
343.59
346.94
344.47
337.11
334.84
340.38
329.77
324.46
333.56
331.61
335.12
343.06
346.94
342.11
334.06
335.18
341.42
346.54
351.91
354.81
353.52
348.51
341.47
342.53
339.52
350.29
352.56
358.85
357.43
360.23
358.01
357.53
348.53
348.94
352.8
349.22
352.71
358.65
357.45
358.65
351.86
347.92
346.72
346.52
353.38
352.69
348.85
350.28
353.4
351.27
351.41
356.67
353.24
357.21
355.62
356.2
358.48
361.15
361.01
352.24
346.14
347.85
349.52
350.89
348.97
342.55
342.52
339.56
347.33
346.45
350.87
352.72
354.22
352.59
351.24
354.82
359.17
358.96
359.07
