360.79
359.79
354.77
358.36
357.94
360.45
359.28
360.88
361.49
356.4
356.08
343.89
342.89
341.4
343.31
336.08
342.72
346.58
347.74
345.56
347.06
346.69
346.79
345.23
353.46
361.08
370.71
369.43
368.7
370.91
372.6
374.72
369.18
370.74
373.88
378.14
378.85
380.42
383.23
391.26
388.74
392.8
397.47
391.73
385.88
378.7
381.39
379.54
372.13
362.58
363.24
366.38
368.58
363
364.98
364.61
366.18
366.33
360.33
360.66
363.2
363.37
362.16
365.79
368.66
370.8
369.55
373.69
379.96
386.75
388.58
392.4
402.84
419.49
418.28
429.44
420.41
430.39
446.82
431.44
422.37
431.65
426.14
423.24
418.21
427.57
432.4
437.36
442.76
450.4
459.57
444.5
442.58
451.07
454.03
459.38
461.1
471.15
469.06
467.1
455.66
460.86
459.36
460.5
467.06
469.49
467.2
464.83
485.33
495.5
494.23
481.9
487.89
491.78
489.99
492.82
502.11
497.63
499.29
503.51
502.96
518.07
508.44
509.07
516.82
513.33
493.77
478.14
462.2
470.65
473.25
448.67
427.64
437.2
441.21
449.76
443.87
452.45
460.68
459.84
451.49
452.64
457.02
451.05
455.11
460.27
464.83
474.29
473.08
481.03
482.31
495.04
497.85
510.84
523.47
528.33
516.77
525.86
526.71
527.69
517.01
516.72
525.52
530.94
540.53
547.72
542.6
546.34
541.19
532.25
536.7
538.1
541.35
543.62
551.51
557.11
550.94
552.21
546.86
544.16
552.38
560.69
555.95
554.32
563.77
566.62
573.85
588.44
594.26
597.11
609.8
628.98
628.87
621.7
621.32
640.53
629.86
638.47
642.92
643.3
620.11
594.82
588.02
594.91
535.05
561.45
540.67
496.66
506.12
538.14
551.35
540.65
536.36
539.46
525.05
519.63
526.8
526.46
511.4
495.04
480.65
491.63
505.29
515.75
524.46
540.87
540.13
529.27
530.43
535.23
548.49
549.26
534.41
539.52
544.65
539.99
541.01
551.35
544.03
539.11
551.7
569.59
574.48
568.22
568.92
566.56
567.4
569.82
566.82
567.25
