586.08
592.63
588.01
597.33
595.32
591.69
595.16
589.6
593.35
594.18
603.74
604.62
613.1
624.87
619.31
618.75
611.51
620.4
611.1
607.87
615.72
623.64
626.3
616.43
623.62
620.23
626.67
640.52
644.71
645.04
654.02
655.21
650.4
656.9
647.61
656.97
664.29
670.14
688.72
686.21
667.27
669.26
673.25
688.68
680.86
671.33
669.55
676.2
680.57
698.7
708.59
721.81
712.88
713.14
705.16
706.71
716.55
721.35
736.28
752.66
748.95
759.01
764.34
750.03
762.33
774.04
778.39
781.55
763.57
739.25
736.82
731.3
726.57
716.84
696.32
680.09
679.59
686.29
664.24
670.53
636.09
631.11
636.38
633.05
601.13
576.63
589.57
595.68
596.87
616.24
619.8
635.21
630.97
627.12
632.48
619.08
629.99
613.52
583.17
581.07
557.45
568.2
570.61
567.49
576.27
586.08
589.7
571.67
566.83
542.57
533.26
587.1
600.86
618.36
609.27
603.13
601.09
599.97
589.9
576.23
583.32
585.15
566.45
560.1
564.86
572.34
573.9
567.98
574.32
590.28
588.67
593.74
592.28
604.13
585.1
575.7
553.79
565.77
555.13
550.56
518.15
526.64
540.27
545.81
545.52
547.1
548.2
539.05
550.46
544.48
537.05
539.01
555.37
558.64
560.67
546.11
547.69
551.69
548.52
557.34
558.49
563.52
575.1
575.28
584.65
583.67
587.01
589.24
598.19
599.49
596.02
600.41
604.5
605.65
612.49
612.04
615.5
612.22
612.58
621.5
624.6
623.88
624.41
627.11
629.14
631.58
631.65
648.28
663.26
674.36
679.01
689.01
690.6
690.52
667.24
663.47
662.19
658.96
668.52
668.23
641.19
638.77
648.14
649.21
653.23
668.64
657.66
663.67
665.71
654.3
657.69
662.65
670.84
674.37
664.87
660.85
664.73
663.06
665.38
673.06
681.87
655.44
662.3
653.97
648.25
632.44
633.44
631.87
627.98
611.07
604.65
595.39
596.43
607.55
574.09
546.11
545.52
563.55
572.25
567.37
555.88
549.02
585.86
582.94
595.46
597.17
605.78
600.13
598.55
605.66
614.11
