607.57
605.46
605.21
611.74
613.62
601.76
599.52
591.67
593.22
599.71
607.14
605.31
612.24
625.15
637.21
640.32
650.98
654.84
654.63
656.59
654.96
656.59
654.6
655.04
653.65
658.66
661.99
665.69
669.08
674.62
673.13
690.23
701.35
716.42
714.1
704.05
702.58
706.76
712.03
716.83
705.95
704.54
697.54
698.71
677.12
680.21
679.27
667.23
674.29
661.95
678.7
686.54
680.52
674.48
665.33
669.07
680.38
688.74
691.52
708.34
710.75
719.74
701.61
698.18
705.84
692.92
688.9
674.96
673.05
675.75
681.74
686.72
687.24
685.38
675.11
669.18
670.36
669.36
669.13
671.12
670.33
662.84
648.8
639.9
642.48
633.69
637.71
647.38
647.08
646.5
646.22
669.65
669.24
670.65
671.4
666.79
674.44
667.13
676.28
676.17
676.18
673.03
671.91
673.72
676.78
685.23
681.51
679.35
685.41
690.23
690.04
695.94
702.28
701.98
700
698.93
698.4
706.38
717.87
720.51
719.21
740.25
737.35
749.06
750.96
751.78
758.06
755.29
746.17
743.01
745.55
757.83
756.84
770.1
779.19
768.13
770.57
779.18
778.93
782.4
790.63
780.94
794.02
803.22
810
813.19
815.13
805.13
805.7
812.3
836.25
846.54
840.44
852.7
858.49
861.41
863.53
864.95
873.01
876.05
880.87
882.03
894.57
909.88
910.14
882.58
866.57
883.14
905.89
903.87
900.16
896.1
906.86
923.03
946.33
944.99
960.5
966.02
965.3
954.79
984.52
988.28
991.13
1007.76
1038.76
1045.02
1009.64
954.57
949.12
970.29
994.88
966.87
935.15
911.17
915.41
918.17
882.1
887.37
887.88
908.57
904.35
910.42
898.48
910.75
934.99
942.11
964.35
972.43
971.64
971.21
980.29
972.23
969.58
988.97
991.22
989.72
1014.37
1013.92
1020.98
1014.76
1017.15
1029.46
1034.52
1039.8
1034.91
1037.26
1058.93
1073.16
1076.02
1072.34
1083.18
1079.48
1082.4
1095.75
1094.03
1105.67
1101.12
1099.36
1103.84
1100.78
1105.27
1128.51
1126.09
1127.28
1123.91
1115.92
1122.21
1125.6
