1190.34
1216.66
1255.92
1239.76
1276.9
1253.58
1235.01
1278.28
1304.53
1295.39
1307.05
1324.65
1337.82
1373.22
1332.27
1315.96
1339.57
1334.85
1308.13
1325.27
1330.64
1335.19
1366.37
1365.26
1365.24
1367.91
1375.1
1381.59
1428.14
1459.48
1444.35
1465.62
1516.46
1516.99
1453.44
1450.82
1466.87
1487.11
1480.9
1396.48
1361.28
1351.26
1384.58
1360.33
1377.33
1381.7
1414.92
1408.52
1395.24
1408.81
1430.18
1420.25
1428.69
1414.7
1391.31
1431.22
1434.99
1450.88
1455.67
1485.22
1493.84
1523.15
1555.06
1553.67
1561.57
1545.54
1559.03
1582.73
1600.01
1615.04
1618.64
1617.52
1625.21
1627.51
1669.24
1626.08
1657.28
1716.6
1724.03
1739.66
1749.52
1765.35
1739.92
1723.97
1681.07
1589.46
1585.35
1543.26
1490.64
1449.75
1318.5
1407.49
1368.5
1424.97
1495.11
1492.08
1476.99
1461.22
1459.99
1535.38
1542.95
1469.95
1431.4
1361.12
1362.51
1234.82
1274.39
1344.27
1329.87
1347.47
1361
1361.58
1354.12
1344.9
1348.62
1396.94
1414.01
1447.92
1494.63
1512.04
1539.52
1501.28
1535.86
1549.66
1555.69
1551.83
1552.4
1487.51
1484.58
1459.55
1455.62
1481.89
1503.64
1490.09
1499.68
1506.38
1511.4
1560.17
1555.58
1551.09
1544.88
1569.9
1596.08
1629.23
1623.59
1619.98
1642.91
1631.15
1657.2
1651.62
1644.16
1654.9
1647.54
1595.22
1618.59
1641.11
1647.71
1637.88
1643.18
1643.17
1643.93
1651.45
1626.69
1620
1634.11
1655.04
1630.27
1588.62
1591.12
1534.68
1542.7
1556.32
1566.39
1550.68
1567.15
1577.85
1554.31
1534.75
1504.9
1452.54
1484.13
1519.06
1558.85
1549.99
1557.23
1522.75
1520.96
1566
1554.99
1587.59
1584.25
1585.55
1581.63
1610.44
1612.01
1609.47
1626.4
1638.7
1630.47
1618.26
1608.84
1630.46
1636.03
1627.24
1590.33
1613.57
1644.86
1629.34
1641.48
1674.95
1663.19
1693.41
1706.7
1704.47
1699.66
1705.84
1713.46
1688.97
1677
1699.31
1703.13
1712.95
1722.73
1727.33
1728.98
1765.2
1776.68
1780.51
1791.36
1821.33
1836.87
1848.76
1850.69
1838.61
1841.94
1829.61
1840.13
1853.24
1861.91
1837.87
1866.33
1864.46
1862.4
1851.96
1852.39
1871.18
1910.28
1921.92
