1798.63
1770.67
1800.61
1797.59
1850.21
1851.63
1810.63
1807.28
1812.93
1841.97
1856.4
1861.46
1880.45
1863.28
1836.77
1824.77
1842.93
1894.25
1896.62
1905.44
1923.27
1917.82
1879.37
1885.93
1838.62
1866.98
1889.96
1894.92
1897.07
1904.84
1893.64
1905.46
1934.26
1970.77
1906.08
1858.14
1797.1
1795.89
1737.71
1763.66
1767.1
1808.65
1811.91
1817.15
1779.1
1809.16
1821.34
1846.38
1831.22
1847.26
1889.62
1914.47
1924.79
1911.06
1925.64
1940.47
1935.72
1927.73
1920.8
1929.94
1942.75
1946.47
1964.07
1977.33
1984.44
1967.02
2001.59
2008.42
1990.57
1965.09
1926.38
1971.66
1973.67
1966.59
1973.48
1960.4
1915.27
1935.51
1911.69
1923.19
1930.05
1927.58
1913.57
1892.15
1845.44
1851.22
1826.39
1856.57
1843.24
1859.7
1866.72
1860.83
1815.64
1790.53
1794.76
1770.42
1737.56
1724.69
1780.33
1829.5
1826.99
1833.66
1823.63
1803.59
1790.09
1798.49
1806.68
1870.11
1883.27
1896.67
1886.84
1915.44
1893.22
1896.1
1875.32
1897.3
1875.21
1894.16
1897.7
1911.75
1939.84
1943.29
1973.12
1974.66
1999.87
1977.85
1995.58
2049.18
2061.4
2066.74
2055.21
2036.59
2071.08
2069.93
2091.26
2050.15
2047.82
1996.91
1967.06
1961.04
1993.96
1946.34
1956.61
1970.75
1944.73
1951.8
1987.25
1939
1897.2
1927.63
1925.79
1886.83
1820.3
1860.7
1852.15
1820.65
1853.77
1864.59
1864.74
1895.71
1877.1
1871.54
1880.43
1919.89
1926.5
1904.76
1905.3
1920.88
1898.19
1898.26
1911.97
1899.95
1932.68
1943.25
1915.8
1938.52
2015.36
2015.19
2026.29
2042.2
2008.97
2049.45
2064.16
2071.8
2047.09
2108.57
2092.98
2090.08
2115.43
2130.2
2141.79
2143.69
2173.11
2163.11
2176.9
2159.84
2158.09
2136.53
2142.42
2098.57
2127
2123.36
2151.1
2194.12
2226.02
2206.34
2223.06
2220.16
2228.15
2268.92
2280.95
2288.15
2262.11
2243.04
2222.84
2244.11
2217.95
2189.37
2166
2180.22
2151.88
2135.93
2151.89
2177.07
2155.38
2168.11
2180.5
2220.11
2200.75
2204.42
2262.28
2259.14
2285.85
2330.45
2342.64
2359.85
2317.28
2269.53
2251.07
2269.09
2264.95
2283.28
2296.09
2303.28
2293.03
2283.08
2291.46
2290.51
