2296.56
2306.87
2313.9
2339.79
2330.87
2225.46
2174.78
2159.1
1999.83
1967.7
1890.88
1988.23
2033.09
1978.68
2009.71
1981.53
1906.97
1968.97
2012.76
1966.73
1947.19
1887.41
1870.93
1917.61
1980.84
2004.48
2025.14
1989.25
2026.17
2046.8
2020.92
2065.39
2079.72
2096.32
2096.44
2081.51
2063.94
2032.29
2018.88
2042.38
2050.46
2012.65
2058.39
2079.67
2059.35
2064.41
1990.84
2018.76
2016.44
1946.79
1964.65
2000.95
1993.94
1995.19
2030.13
2049.4
2053.93
2063.69
2069.64
2052.84
2059.05
2103.96
2089.77
2115.32
2132.5
2112.1
2091.09
2113.61
2160.76
2150.74
2175.92
2172.25
2166.23
2159.04
2102.45
2129.15
2150.82
2126.57
2122.5
2140.98
2141.35
2153.32
2201.47
2283.99
2321.14
2339.57
2406.05
2411.95
2478.87
2487.92
2453.12
2467.81
2433.07
2435.2
2436.56
2390.6
2396.87
2439.03
2459.88
2452.76
2429.47
2353.49
2351.78
2377.91
2342.7
2357.79
2339.29
2356.71
2366.32
2399.15
2402.74
2400.84
2384.75
2342.39
2308.88
2310.73
2308.76
2318.61
2303.34
2242.74
2255.46
2211.73
2187.65
2189.03
2175.02
2178.9
2186.35
2167.18
2208.06
2174.22
2175.46
2223.48
2135.38
2144.18
2123.66
2111.93
2066.7
1951.29
1928.74
1896.28
1949.03
1966.68
1941.73
1895.86
1812
1814.6
1842.58
1722.71
1742.96
1803.82
1776.06
1795.23
1785.36
1778.29
1685.6
1713.5
1722.41
1701.61
1647.67
1579.12
1589.05
1653.99
1646.14
1666.52
1659.65
1589.19
1526.57
1469.15
1508.41
1395.11
1334.33
1298.08
1341.75
1277.6
1131.12
1058.84
1058.84
1295.91
