2632.2
2642.2
2651.62
2652.71
2670.61
2620.84
2601.38
2599.32
2518.74
2438.21
2400.25
2436.6
2467.2
2435.19
2441.43
2436.01
2412.24
2424.23
2450.84
2451.93
2435.57
2402.34
2415.25
2437.61
2465.66
2465.32
2487.72
2489.89
2532.89
2535.31
2535.06
2554.36
2558.94
2572.01
2580.32
2589.16
2611.49
2598.4
2608.43
2615.25
2607.92
2573.7
2531.15
2545.21
2553.17
2577.72
2518.4
2509.43
2507.29
2476.78
2476.8
2473.94
2471
2462.84
2453.18
2463.47
2465.21
2462.9
2460.11
2455.08
2451
2464.1
2472.34
2479.47
2491.57
2494.23
2488.37
2509.47
2524.29
2524.57
2526.87
2531.75
2514.76
2508.32
2490.53
2485.35
2487.02
2480.11
2468.63
2463.78
2463.4
2468.46
2492.01
2507.59
2526.43
2543.9
2555.34
2570.33
2585.06
2598.47
2600.62
2599.27
2593.49
2581.41
2584.28
2575.01
2573.76
2577.76
2580.2
2595.62
2596.81
2583.35
2579.98
2604.76
2599.47
2608.25
2600.94
2604.45
2601.72
2600.85
2630.93
2637.43
2645.49
2646.44
2632.41
2616.67
2608.74
2583.64
2576.87
2551.09
2552.42
2525.55
2516.6
2501.44
2489.32
2488.6
2482.56
2474.8
2458.21
2456.95
2443.95
2437.13
2412.62
2395.25
2379.62
2372.02
2341.5
2281.04
2270.52
2223.45
2225.92
2252.64
2239.05
2213.46
2166.76
2133.68
2134.8
2087.08
2044.7
2061.64
2054.02
2059.64
2034.39
2038.08
2005.99
1998.46
1994
1977.52
1953.34
1857.69
1838.49
1848.11
1867
1868.79
1860.13
1831.64
1806.72
1726.3
1732.02
1694.93
1613.61
1580.9
1579.98
1550.17
1474.04
1441.95
1441.95
1471.89
