374.12
376.17
380.34
382.76
386.37
376.7
373.69
373.18
364.22
346.25
340.53
344.12
349.57
345.87
348.03
345.58
341.68
342.86
342.8
342.62
338.2
336.08
334.67
335.83
339.09
339.49
342.39
341.62
343.23
345.56
345.69
348.35
346.48
348.4
351.67
351.63
352.49
349.93
349.95
351.31
349.91
348.5
349.04
348.12
347.72
347.69
343.27
338.83
338.96
338.25
338.17
337.86
337.41
340.69
340.2
339.5
337.22
334.78
333.81
331.57
330.33
329.67
327.68
328.54
328.51
332.09
331.66
326.84
328.35
329.11
328.94
329.41
330.18
330.06
329.3
330.4
330
329.08
327.45
327.39
326.84
326.19
325.14
325.59
328.23
333.54
333.85
335.45
336.69
341.61
346.86
345.46
348.76
345.83
345.46
344.01
342.62
342.81
344.16
347.32
344.32
345.66
345.24
345.56
344.62
345.11
343.61
343.75
341.77
344.41
346.36
348.33
347.13
345.62
342.1
340.42
339.68
336.06
335.43
330.19
332.27
331.4
333.45
334.94
332.21
330.84
331.92
330.26
327.61
327.86
326.28
326.26
321.26
324.97
324.3
323.44
318.82
309.24
311.04
309.96
308.97
312.5
307.01
305.1
298.04
297.83
296.96
285.42
281.26
280.69
282.2
287.91
289.29
289.18
284.59
285.18
285.31
283.98
281.18
270.91
269.71
272.68
274.63
274.92
272.03
270.08
265.27
246.71
249.53
244.26
235.74
233.58
234.37
232.81
222.18
216.76
216.76
219.83
