786.31
788.79
792.27
796.21
793.43
775.45
765.35
758.15
727.28
713.15
694.61
711.94
709.24
692.81
703.45
695.59
677.88
683.18
687.84
675.5
668.23
655.88
649.28
653.75
667.61
670.22
678.27
667.57
670.3
670.55
667.36
668.44
667.8
673.04
668.78
662.37
658.28
644.8
631.17
634.19
632.54
621.22
635.09
636.42
629.21
632.93
612.93
613.77
616.33
601.82
608.47
618.18
609.54
603.25
604.28
604.5
601.71
610.9
624.48
615.83
614.67
621.42
619.37
626.86
627.4
618.92
613.07
612.89
619.8
617.49
624.63
620.93
620.09
615.79
618.58
629.71
633.69
633.65
632.22
639.93
645.44
646.78
653.47
656.02
669.55
676.19
677.39
681.55
694.51
710.63
703.54
705.09
704.18
703.95
697.62
691.65
694.25
695.89
696.94
706.12
698.05
693.3
690.46
684.51
676.52
679.03
672.73
673.41
675.13
681.68
680.78
679.88
683.41
685.47
694.31
686.13
683.48
672.84
665.79
652.15
647.06
638.77
633.96
628.94
633.41
640.32
635.94
631.54
633.43
619.59
620.27
638.92
628.03
627.61
616.79
620.98
620.1
600.03
596.07
580.89
595.8
591.79
585.66
575.44
565.95
561.65
565.71
534.71
536.49
554.8
542.61
541.49
538.74
542.27
528.69
529.92
526.26
526.76
508.91
486.91
477.29
487.39
485.03
486.79
494.34
486.92
467.15
436.59
448.96
432.16
408.74
390.46
395.22
377.66
335.18
309.39
309.39
372.49
