322.85
322.59
324.09
328.12
328.72
317.84
308.45
306.33
289.09
277.17
275.86
284.42
289.78
286.9
287.87
282.68
272.68
277.67
279.45
273.66
271.32
262.58
259.67
261.29
266.42
267.61
268.12
263.9
265.95
266.58
263.08
266.24
266.03
268.46
270.35
269.27
268.43
267.19
267.41
268.07
268.03
265.63
267.11
271.84
277.53
283
275.41
278.62
281.84
281.05
282.88
283.61
281.66
281.96
282.62
282.78
285.12
286.09
284.91
284.14
282.99
284.75
284.96
286.57
286.25
284.93
280.58
280.6
280.16
278.59
279.91
280.11
278.25
275.34
269.97
269.78
269.89
268.64
268.04
266.98
267.07
264.44
263.23
264.27
267.92
271.21
271.48
272.33
271.83
275.64
274.98
274.79
274.71
273.89
273.44
271.41
270.86
271.25
271.79
270.87
274.53
272.4
272.02
274.42
276.32
282.87
278.69
277.07
278.39
278.92
277.94
277.2
276.98
273.65
268.37
270.84
270.56
271.3
270.04
264.81
266.16
266.03
265.2
264.5
263.86
266.2
266.43
262.46
263.74
260.14
259.73
262.63
258.76
259.33
258.55
256.9
258.32
252.19
250.7
244.56
248.24
246.93
246.69
243.66
242.85
241.42
244.56
234.63
232.63
235.42
234.85
235.83
236.87
238.81
231.23
233.79
231.29
227.22
221.67
209.96
211.38
216.28
216.57
216.52
215.57
210.26
205.28
198.78
201.61
195.43
185.83
181.31
186.07
181.09
170.37
158.39
158.39
163.2
