0.6
0.5
0.5
0.4
0.4
0.4
0.4
0.4
0.4
0.3
0.3
0.3
0.3
0.3
0.3
0.3
0.3
0.4
0.4
0.4
0.4
0.4
0.4
0.4
0.4
0.4
0.4
0.4
0.4
0.4
0.4
0.4
0.4
0.4
0.4
0.4
0.5
0.5
0.5
0.6
0.6
0.6
0.7
0.7
0.8
0.8
0.9
1.0
1.0
1.1
1.2
1.3
1.4
1.5
1.5
1.6
1.7
1.7
1.8
1.9
2.0
2.1
2.2
2.4
2.4
2.5
2.7
2.8
2.9
2.9
2.9
3.0
3.0
3.0
3.1
3.3
3.5
3.7
3.8
4.0
4.2
4.3
4.4
4.5
4.5
4.6
4.8
4.9
5.1
5.4
5.8
6.0
6.1
6.2
6.1
6.0
5.9
5.9
5.8
5.8
5.9
6.0
6.0
6.1
6.1
6.1
6.0
6.0
5.9
5.8
5.8
5.9
6.2
6.6
6.8
6.9
7.0
7.2
7.4
7.6
7.8
8.0
8.3
8.6
8.9
9.1
9.4
9.5
9.6
9.7
9.7
9.7
9.5
9.4
9.3
9.3
9.4
9.5
9.6
9.7
9.7
9.7
9.7
9.7
9.8
10.0
10.4
10.7
11.2
11.7
12.2
12.7
13.0
13.2
13.3
13.5
13.5
13.6
13.8
13.9
14.1
14.3
14.4
14.6
14.6
14.5
14.5
14.5
14.4
14.4
14.5
14.7
14.8
15.0
15.3
15.4
15.5
15.5
15.5
15.5
15.3
15.1
14.9
14.8
14.7
14.7
14.7
14.6
14.4
14.3
14.2
14.3
14.3
14.3
14.5
14.8
15.1
15.5
15.9
16.2
16.5
16.7
16.7
16.6
16.6
16.7
16.9
17.3
17.5
17.8
18.0
18.2
18.2
18.2
18.2
18.1
17.8
17.6
17.5
17.5
17.5
17.7
17.7
17.7
17.5
17.5
17.6
17.6
17.5
17.6
17.7
18.1
18.4
18.8
19.1
19.4
19.4
19.6
19.8
19.9
20.0
20.1
20.4
20.8
21.2
21.7
22.1
22.3
22.3
22.6
22.7
22.8
22.9
23.0
23.3
23.7
24.2
24.8
25.1
25.4
25.5
25.6
25.6
25.8
25.8
26.0
26.3
26.9
27.4
27.9
28.4
28.8
28.8
29.0
29.2
29.4
29.2
29.3
29.5
29.8
30.1
30.6
30.8
31.0
30.8
30.9
31.0
31.0
30.8
30.5
30.6
30.7
30.9
31.2
31.4
31.5
31.3
31.2
31.2
31.1
30.9
31.0
31.3
31.6
32.1
32.6
33.2
33.6
33.6
33.9
34.2
34.3
34.3
34.3
34.6
35.1
35.6
36.3
36.5
36.7
36.7
37.0
37.0
36.9
36.5
36.2
36.1
36.2
36.3
36.6
36.8
37.0
37.0
37.0
36.7
36.3
36.0
36.1
36.4
37.0
37.5
38.1
38.7
39.1
39.4
39.8
40.3
40.5
42.1
42.2
42.7
43.4
44.2
45.3
45.8
46.5
46.8
47.2
47.6
47.9
47.9
48.3
48.9
49.7
50.6
51.6
52.3
53.1
53.4
53.8
54.1
53.8
53.2
52.9
52.8
53.1
53.6
54.2
54.8
55.5
55.6
55.4
55.0
54.3
53.5
53.5
53.1
53.1
53.3
53.9
54.9
55.5
55.9
56.4
56.7
57.0
57.0
57.4
58.3
59.5
60.7
62.2
63.3
64.5
65.2
66.7
67.1
66.8
66.7
67.3
68.8
70.3
71.9
73.9
75.5
77.2
78.5
80.7
81.9
80.9
81.2
81.8
83.6
85.4
87.8
90.7
92.5
94.6
95.8
96.7
98.0
98.7
99.4
100.4
102.2
103.9
105.9
107.6
108.6
110.0
111.5
111.9
112.2
112.4
112.7
113.1
113.4
113.1
112.6
111.9
111.6
112.2
112.4
112.6
112.2
112.0
110.8
110.9
112.7
113.4
114.2
115.3
116.3
118.1
120.1
120.2
120.0
119.7
119.3
119.1
119.8
120.9
122.1
123.5
123.4
123.8
124.7
124.3
125.3
127.5
125.5
125.5
127.4
128.8
130.4
133.3
135.9
139.5
141.2
142.9
144.6
146.2
147.6
150.6
151.7
154.0
158.2
162.0
165.5
168.6
170.4
172.1
173.7
175.3
176.5
178.1
182.3
186.2
190.4
194.0
197.1
199.8
207.1
210.3
211.0
211.7
212.3
213.5
214.9
218.2
222.5
227.1
232.0
235.9
244.6
248.9
247.8
247.9
246.3
245.4
246.4
248.9
250.8
254.7
258.3
261.9
266.0
266.3
266.2
266.6
266.7
267.8
270.1
272.3
274.6
278.0
279.8
284.4
286.4
286.0
286.1
285.4
287.0
286.0
285.3
286.9
288.9
290.4
290.5
293.1
293.3
294.1
293.1
290.9
289.8
288.6
287.5
287.4
288.3
289.6
289.9
290.0
290.3
288.8
286.3
283.9
280.6
277.5
275.4
272.9
270.2
269.1
267.4
267.4
267.4
266.8
263.8
264.2
265.1
262.6
262.3
261.8
261.3
259.8
260.5
262.8
264.1
262.7
262.2
264.0
262.5
264.8
265.4
266.5
268.7
272.0
274.4
278.7
282.0
287.2
288.2
289.8
289.7
290.3
294.3
298.1
303.1
308.5
309.7
316.3
322.9
325.3
328.5
330.2
329.9
331.1
333.7
335.1
339.2
343.0
347.4
352.4
356.3
360.4
364.9
367.1
365.5
366.8
370.2
372.5
376.8
383.4
388.4
391.2
393.3
395.7
394.5
395.6
391.8
389.8
388.9
391.9
393.8
399.6
404.0
405.7
408.8
413.5
411.1
417.0
413.5
412.1
415.5
416.0
418.2
425.2
429.9
435.4
439.6
443.1
446.6
451.0
452.8
455.2
460.9
462.1