1396.5
1405.8
1666.6
1704.0
1788.3
1731.8
1477.8
1537.2
1658.7
2030.0
1849.4
1688.5
1585.9
1623.4
1819.0
1979.4
1964.7
1889.2
1624.7
1620.0
1848.5
2084.3
1917.2
1830.4
1675.3
1851.5
2197.4
2192.4
2242.8
2244.2
1699.0
1818.7
1992.7
2075.4
2070.0
2053.7
1891.2
2012.7
2500.1
2260.3
2438.1
2322.5
1817.6
1768.1
2144.8
2381.0
2222.5
1990.0
1858.0
1945.1
2411.9
2451.8
2654.6
2612.5
1995.4
2143.8
2396.9
2805.9
2583.6
2512.1
2424.7
2378.7
3052.8
2804.6
2919.6
2940.9
2527.7
2519.4
2777.1
3347.3
2895.3
2507.7
2598.5
2733.6
3392.9
3149.7
3074.0
3069.9
2499.0
2648.1
3040.6
3078.1
3113.2
2997.7
2736.7
3239.5
3747.0
3639.0
3691.0
3927.7
2977.0
3103.0
3302.5
3145.7
3213.6
2841.7
2463.5
2593.5
3346.2
3065.8
3189.5
2942.7
2667.5
2634.5
2837.9
3089.1
2512.3
2377.8
2671.6
2675.5
3555.8
3223.2
3440.8
3329.3
2634.5
3031.9
3421.8
3516.7
3437.7
3305.3
3477.8
3683.8
4182.7
3992.4
4587.0
4093.9
3688.9
3712.2
3645.5
4020.7
3944.3
3495.0
3779.6
3706.6
4246.2
4171.7
4467.5
4570.5
3720.9
3502.0
4030.0
4085.3
3695.7
3275.0
3999.1
3786.0
3659.2
4057.3
3780.9
3857.5
3172.4
3094.7
4119.4
4175.9
3911.1
3719.0
4152.3
4762.8
5258.9
4928.3
5055.1
5605.7
4715.0
4165.8
4844.7
5273.1
5511.8
5540.8
5311.4
5710.4
6696.4
5988.0
6597.3
6373.5
4740.2
5861.4
6159.7
6358.7
6307.2
5517.8
6101.7
6512.0
7264.1
7027.8
7448.3
6983.3
5172.1
6289.3
6440.9
6976.1
6627.5
5965.8
6377.5
6749.7
8074.9
7367.6
7933.3
7553.0
6126.6
6767.5
6385.8
7460.1
6916.2
5961.6
6800.8
6422.5
7008.1
7587.1
7662.1
7422.9
6420.5
6794.2
7318.9
8231.0
7402.7
6079.0
6921.5
7040.3
8204.3
7826.3
7679.2
8428.6
6877.0
7034.6
7849.7
8009.4
7662.5
7060.9
6878.4
7746.7
9497.9
8780.6
8791.6
9070.0
7057.9
8327.0
8571.5
8906.2
8910.7
7905.7
7578.1
8182.6
10409.4
9383.2
10018.2
10187.7
7642.1
9912.4
10219.8
10490.3
10590.1
9824.7
10101.3
10161.6
11718.5
10601.3
11419.9
10937.5
8435.4
10833.8
10777.8
11429.0
11077.8
9732.1
10301.2
11211.5
11599.8
11499.7
11455.8
11320.3
9646.6
10935.1
11673.1
12120.0
12144.9
10302.2
11733.3
12101.5
13000.8
13289.3
12977.4
12506.4
11112.6
12255.5
13407.3
14093.1
12867.1
12422.4
12117.8
12924.0
14573.1
13920.7
13543.0
13379.3
10517.0
12124.0
13254.9
14010.1
13576.1
12663.5
12134.0
13047.8
14984.4
14126.7
14150.7
14567.0
11519.3
13815.1
14423.0
14824.3
15099.4
13908.3
13604.5
14968.6
17085.7
14794.3
15833.8
16053.6
12152.8
15325.4
14847.4
15725.1
15159.3
13390.4
13666.6
13356.8
15523.7
14403.2
15107.8
15050.6
11700.2
13764.2
12423.0
13894.7
13214.0
11319.3
12061.5
12368.2
13954.0
14113.5
14586.2
14213.7
11607.2
13913.1
13333.9
14702.4
13908.3
12160.7
12889.7
13292.6
15359.6
14646.4
15208.0
15003.2
12029.5
12989.7
14518.1
15554.6
14598.2
13834.0
13315.8
14398.6
17227.0
16027.0
16311.4
16433.1
13863.8
16069.5
16633.1
16969.4
16675.5
15955.6
15568.4
16092.3
18919.8
18105.2
18327.1
18684.5
14719.6
18250.1
18368.3
18746.5
18417.3
17699.6
17261.1
17930.9
21153.3
19102.5
20489.6
20874.7
16621.1
20287.5
19249.1
19975.2
19730.0
17980.9
17803.6
18334.5
22006.8
20219.8
21792.6
21767.5
18772.0
21379.0
21055.0
23299.7
22652.1
19805.8
20409.0
21202.6
22834.1
23420.3
24479.4
23752.9
22336.9