2173
2705
3539
3379
3396
3480
2804
3274
2949
2751
2503
2615
2665
2640
3723
3412
3480
3360
2954
3394
2819
2969
2466
2230
2888
2759
3417
3356
4201
3647
3010
3455
2761
3135
2311
2013
2496
2767
3385
3962
4084
3579
4024
3705
3461
3736
2853
2813
3591
4317
4937
5104
4450
4862
4651
4374
4735
4483
3620
3982
3948
4333
5584
5608
5225
5188
5311
5326
5477
4848
4604
4594
5698
5744
7808
7160
6770
6691
5514
6220
5531
4849
4696
4747
4813
5019
6083
5704
6266
6320
5904
6748
6102
5964
5376
5034
6850
6817
7890
8372
8071
6954
7092
7095
6103
6323
5010
5186
5764
5780
6553
7615
7248
7311
7283
6926
7133
6949
5467
5845
6579
7458
8677
8953
8971
9094
9024
8901
7895
7877
6811
7308
7139
7822
10249
9364
9007
9504
8801
8995
7991
7182
6980
6565
7537
8878
10638
8747
9933
9564
8669
9571
8305
8813
7490
7175
8609
8369
10311
9804
11023
10630
9603
9587
8005
9008
7337
7457
9014
8901
10112
11753
11654
10778
10861
10857
9288
10649
8336
8156
9453
9461
11430
11807
11917
12235
12699
12087
11296
11254
8361
9567
10148
10772
14021
13682
12909
13423
12472
12742
11482
11223
9544
10070
10880
12083
14280
14645
14307
15241
14104
15680
13343
13876
12742
12373
13392
13122
16804
14312
16399
16246
13041
14631
11356
11543
9702
9008
9843
10915
12726
11485
12014
10661
10439
10147
7891
8201
6822
5664
6736
7501
7666
8473
8006
7876
7624