139072000000
138689000000
140999000000
145622000000
141345000000
143060000000
143819000000
150561000000
145504000000
146780000000
146120000000
152933000000
148755000000
150707000000
151831000000
159340000000
154174000000
155280000000
158887000000
166582000000
161111000000
162012000000
165010000000
174490000000
169792000000
171748000000
171884000000
178733000000
173881000000
178100000000
180785000000
190335000000
184751000000
190859000000
192906000000
204317000000
199180000000
202224000000
202308000000
210980000000
204799000000
208455000000
212127000000
222305000000
218197000000
224923000000
226536000000
236867000000
233498000000
239791000000
243204000000
258858000000
250622000000
259974000000
258140000000
272357000000
265425000000
272112000000
271218000000
284184000000
274992000000
285808000000
286342000000
298137000000
290616000000
298600000000
300936000000
318085000000
311088000000
321370000000
325802000000
343728000000
333371000000
350812000000
354936000000
372197000000
359011000000
378024000000
386092000000
396975000000
387526000000
392786000000
410473000000
424131000000
416569000000
427048000000
431614000000
451384000000
440093000000
450464000000
460716000000
490882000000
488222000000
508777000000
515615000000
538266000000
529234000000
546793000000
547631000000
570271000000
564892000000
592317000000
609296000000
640956000000
631300000000
669819000000
691245000000
746535000000
723855000000
744677000000
745609000000
767225000000
756955000000
776175000000
772056000000
812006000000
774586000000
771550000000
772196000000
824199000000
797935000000
809705000000
812101000000
853737000000
840974000000
857093000000
854398000000
923879000000